1  296  277
2  296  286
3  297  287
4  297  278
5  291  276
6  291  276
7  291  276
8  291  276
9  291  276
10  291  276
11  291  275
12  294  275
13  296  277
14  296  277
15  296  277
16  296  277
17  296  277
18  296  277
19  296  277
20  960  540
21  960  540
22  960  540
23  960  540
24  960  540
25  960  540
26  960  540
27  960  540
28  960  540
29  960  540
30  960  540
31  960  540
32  960  540
33  960  540
34  960  540
35  960  540
36  960  540
37  960  540
38  960  540
39  960  540
40  960  540
41  960  540
42  960  540
43  961  540
44  989  540
45  989  540
46  989  540
47  989  540
48  989  540
49  989  540
50  989  540
51  989  540
52  989  540
53  989  540
54  989  540
55  989  540
56  989  540
57  989  540
58  989  540
59  989  540
60  989  540
61  989  540
62  989  540
63  989  540
64  989  540
65  989  540
66  989  540
67  989  540
68  989  540
69  989  539
70  989  522
71  989  522
72  989  522
73  989  522
74  989  522
75  989  522
76  989  522
77  989  521
78  989  509
79  989  509
80  989  509
81  989  509
82  989  509
83  989  509
84  989  509
85  989  509
86  989  509
87  989  509
88  989  509
89  989  509
90  989  509
91  989  509
92  989  509
93  989  509
94  989  517
95  989  550
96  989  550
97  989  550
98  989  550
99  989  550
100  989  550
101  989  550
102  989  550
103  989  550
104  989  550
105  989  550
106  989  550
107  989  550
108  989  550
109  989  550
110  989  550
111  989  550
112  989  550
113  989  550
114  989  550
115  989  550
116  989  550
117  989  550
118  989  546
119  989  527
120  989  527
121  989  529
122  989  558
123  989  558
124  989  558
125  989  558
126  989  558
127  989  558
128  989  558
129  989  558
130  989  558
131  989  558
132  989  558
133  989  558
134  989  558
135  989  558
136  989  558
137  989  558
138  989  558
139  989  558
140  989  557
141  989  535
142  989  535
143  989  535
144  989  530
145  989  511
146  989  511
147  989  511
148  989  511
149  989  511
150  989  511
151  989  511
152  989  511
153  989  511
154  989  511
155  989  511
156  989  511
157  989  511
158  989  511
159  989  511
160  989  511
161  989  511
162  989  511
163  989  511
164  989  511
165  989  511
166  989  511
167  989  511
168  989  511
169  989  511
170  989  511
171  989  511
172  989  511
173  989  511
