1  519  259
2  519  259
3  519  259
4  519  259
5  519  259
6  519  259
7  519  259
8  519  259
9  519  259
10  519  259
11  519  259
12  519  259
13  519  259
14  519  259
15  519  259
16  519  259
17  519  259
18  519  259
19  519  259
20  960  538
21  960  530
22  960  530
23  960  530
24  960  530
25  960  530
26  960  530
27  960  530
28  960  530
29  966  530
30  966  530
31  966  530
32  966  530
33  966  530
34  966  530
35  966  530
36  966  530
37  966  529
38  966  529
39  966  529
40  966  529
41  966  529
42  966  529
43  966  529
44  966  529
45  966  529
46  966  529
47  967  530
48  975  532
49  975  523
50  975  523
51  975  523
52  975  523
53  975  523
54  975  523
55  975  523
56  975  523
57  975  523
58  975  523
59  975  523
60  975  523
61  975  523
62  975  523
63  975  523
64  975  523
65  975  523
66  975  523
67  975  523
68  975  523
69  975  523
70  975  523
71  975  523
72  975  523
73  975  523
74  975  523
75  975  527
76  975  542
77  975  542
78  975  542
79  975  542
80  975  542
81  975  542
82  979  547
83  993  564
84  1003  576
85  1003  576
86  1003  576
87  1003  576
88  1003  576
89  1003  576
90  1003  576
91  1003  576
92  1003  576
93  1003  576
94  1003  576
95  1003  576
96  1003  576
97  1003  576
98  1003  576
99  1003  576
100  1003  576
101  1003  576
102  1003  576
103  1003  576
104  1003  576
105  1003  576
106  1003  576
107  1003  576
108  1003  574
109  1003  567
110  1003  567
111  1003  567
112  1003  567
113  1003  567
114  1003  567
115  1003  567
116  1003  571
117  1003  577
118  1003  577
119  1003  577
120  1003  577
121  1003  577
122  1003  577
123  1003  577
124  1003  577
125  1003  577
126  1003  580
127  1003  587
128  1003  580
129  1003  580
130  1003  580
131  1003  580
132  1003  580
133  1003  580
134  1003  580
135  1003  580
136  1003  580
137  1003  580
138  1003  580
139  1003  580
140  1003  580
141  1003  580
142  1003  580
143  1003  580
144  1003  580
145  1003  580
146  1003  580
147  1003  580
148  1003  580
149  1003  580
150  1003  580
151  1003  580
152  1003  580
153  1003  580
154  1003  580
155  1003  580
156  1003  588
157  1003  588
158  1003  588
159  1003  590
160  1003  598
161  1003  598
162  1003  598
163  1003  598
164  1003  598
165  1003  598
166  1003  604
167  1003  604
168  1003  604
169  1003  604
170  1003  604
171  1003  604
172  1003  604
173  1003  604
