-20 50
-17.1921 50.7679
-14.6056 51.5231
-12.2281 52.2655
-10.0475 52.9947
-8.05166 53.7107
-6.22826 54.4131
-4.56513 55.1019
-3.05008 55.7768
-1.67089 56.4375
-0.41536 57.084
0.72871 57.716
1.77353 58.3333
2.7313 58.9356
3.61423 59.5229
4.43453 60.0948
5.20439 60.6513
5.93603 61.192
6.64164 61.7168
7.33344 62.2255
8.02363 62.7179
8.72441 63.1938
9.44799 63.653
10.2066 64.0952
11.0124 64.5204
11.8776 64.9282
12.8144 65.3185
13.8351 65.691
14.9517 66.0457
16.1767 66.3822
17.522 66.7003
19 67
20.0645 66.794
21.129 66.5635
22.1935 66.3088
23.2581 66.0303
24.3226 65.7285
25.3871 65.4037
26.4516 65.0563
27.5161 64.6868
28.5806 64.2956
29.6452 63.8829
30.7097 63.4494
31.7742 62.9953
32.8387 62.5211
33.9032 62.0271
34.9677 61.5138
36.0323 60.9815
37.0968 60.4308
38.1613 59.8619
39.2258 59.2752
40.2903 58.6713
41.3548 58.0505
42.4194 57.4131
43.4839 56.7596
44.5484 56.0904
45.6129 55.4059
46.6774 54.7065
47.7419 53.9926
48.8064 53.2646
49.871 52.5229
50.9355 51.7679
52 51
