-20 68
-16.1378 66.6728
-12.3397 65.3989
-8.61706 64.1757
-4.98159 63.0001
-1.4448 61.8695
1.98174 60.7809
5.28647 59.7316
8.45783 58.7188
11.4843 57.7396
14.3542 56.7912
17.0561 55.8709
19.5784 54.9757
21.9095 54.1028
24.0379 53.2495
25.9519 52.4129
27.6402 51.5902
29.091 50.7786
30.2928 49.9752
31.2341 49.1773
31.9033 48.382
32.2889 47.5865
32.3792 46.788
32.1628 45.9836
31.628 45.1706
30.7633 44.346
29.5572 43.5072
27.998 42.6513
26.0743 41.7754
23.7744 40.8768
21.0868 39.9526
18 39
18 39
14.7532 38.0323
11.9674 37.0645
9.62294 36.0968
7.69998 35.129
6.17881 34.1613
5.03971 33.1936
4.26293 32.2258
3.82874 31.2581
3.7174 30.2903
3.90917 29.3226
4.38431 28.3548
5.12309 27.3871
6.10577 26.4194
7.31261 25.4516
8.72388 24.4839
10.3198 23.5161
12.0807 22.5484
13.9868 21.5806
16.0184 20.6129
18.1558 19.6452
20.3791 18.6774
22.6687 17.7097
25.0048 16.7419
27.3677 15.7742
29.7376 14.8065
32.0949 13.8387
34.4197 12.871
36.6924 11.9032
38.8931 10.9355
41.0023 9.96774
43 9
