386 317
387 316
390 317
390.8 314.2
395.4 310.3
388.4 322.7
399.5 312
405.5 311
419 307.5
414 311
423.3 305
417 305
418 302
418 301
425.3 304.6
418.3 288.2
427.8 292.6
409.8 298.9
418.5 290
418.5 287
418 283
417.5 281
417.5 279
416 276
420.1 274.4
415 269
414.5 266
413 263
412.5 260
404.5 247
396 235
386.5 226
385 224
380.5 222
380.5 222
378.48 224.903
376.488 227.802
374.529 230.697
372.607 233.585
370. 236.464
368.896 239.332
367.115 242.186
365.392 245.025
363.73 247.847
362.135 250.649
360.611 253.
359.162 256.185
357.795 268.915
356.514 261.617
355.323 264.289
354. 266.928
353.231 269.533
352.34 272.101
351.559 274.631
350.893 277.12
350.346 279.566
349.923 281.
349.629 284.321
349.469 286.625
349.448 288.878
349.57 291.078
349.84 293.222
350.263 295.308
350.845 297.335
351. 299.3
352.5 301.2
299 210
294.5 211
291.5 211
287.5 213
288.7 214.7
279.5 215
276 215
275.6 210.5
268 220
265 221
262.5 226
258.5 230
254 232
251 237
248 241
244 244
240.5 248
237.5 253
229.6 252.3
230 261
227.5 266
224.5 270
221 276
218.5 280
216.2 284.8
214.8 284.3
212.5 296
212 299
211.5 303
211.5 307
212.5 310
214.2 321.4
216.5 317
218 320
220 324
223 328
224 327
226.5 334
229.5 334
232.5 337
235.5 339
240 342
243.003 343.233



242.5 319
241.803 319.618
241.069 320.312
240.3 321.085
239.497 321.937
238.663 322.
237.799 323.89

235.052 327.467
234.091 328.84
233.111 330.
232.113 331.868
231.1 333.527
230.073 332.285
229.035 337.
227.988 339.107
226.933 341.174
225.872 343.348
224.809 341.63
223.743 348.024
222.679 350.529
221.616 353.15
220.559 355.886
219.508 358.742
218.465 361.717
217 364.814
216.413 368.036
215.408 371.383
214.42 374.
213.45 378.463
212.5 382.2


