240 342
243.003 343.233
246.103 344.415
249.289 345.548
252.548 346.631
255.871 347.664
259.247 348.649
262.664 349.585
266.111 350.472
269.578 351.311
273.053 352.102
276.525 352.846
279.984 353.543
283.419 354.192
286.818 354.795
290.17 355.352
293.464 355.862
296.691 356.327
299.837 356.746
302.893 357.12
305.848 357.45
308.69 357.734
311.408 357.975
313.992 358.172
316.43 358.325
318.712 358.435
320.826 358.501
322.762 358.525
324.508 358.507
326.054 358.446
327.388 358.344
328.5 358.2
