
386  317
387  316
390  317
392  315
395  315
397.5  314
399.5 312
405.5 311
412  310
414  311
415.5  307
417  305
418  302
418  301
419  298
419  297
418.5  295
418  293
418.5  290
418.5  287
418  283
417.5  281
417.5  279
416  276
416  272
415  269
414.5  266
413  263
412.5  260
404.5  247
396  235
386.5  226
385  224
380.5  222
378.5  220
375.5  219
372  217
368.5  216
364.5  216
362  214
359  215
355.5  212
351  211
348.5  210
342.5  210
340  210
334.5  209
331  210
327  209
323.5  209
318.5  210
315  210
311  211
307.5  210
302  209
299  210
294.5  211
291.5  211
287.5  213
283.5  213
279.5  215
276  215
272  217
268  220
265  221
262.5  226
258.5  230
254  232
251  237
248  241
244  244
240.5  248
237.5  253
233  257
230  261
227.5  266
224.5  270
221  276
218.5  280
215.5  285
214.5  290
212.5  296
212  299
211.5  303
211.5  307
212.5  310
214  314
216.5  317
218  320
220  324
223  328
224  327
226.5  334
229.5  334
232.5  337
235.5  339


240 342
243.003 343.233
246.103 344.415
249.289 345.548
252.548 346.631
255.871 347.664
259.247 348.649
262.664 349.585
266.111 350.472
269.578 351.311
273.053 352.102
276.525 352.846
279.984 353.543
283.419 354.192
286.818 354.795
290.17 355.352
293.464 355.862
296.691 356.327
299.837 356.746
302.893 357.12
305.848 357.45
308.69 357.734
311.408 357.975
313.992 358.172
316.53 358.325
318.712 358.435
320.826 358.501
322.762 359.525
324.508 358.507
326.054 358.446
327.388 358.344
328.5 358.2

