-30 30
-29.6649 30.6284
-29.3366 31.1636
-29.0143 31.613
-28.6974 31.9839
-28.385 32.2837
-28.0765 32.5198
-27.7711 32.6994
-27.4682 32.83
-27.167 32.9189
-26.8667 32.9734
-26.5666 33.0009
-26.2661 33.0087
-25.9644 33.0043
-25.6607 32.9948
-25.3544 32.9878
-25.0447 32.9905
-24.7309 33.0104
-24.4122 33.0546
-24.088 33.1307
-23.7575 33.2459
-23.42 33.4077
-23.0748 33.6233
-22.7211 33.9001
-22.3582 34.2454
-21.9854 34.6667
-21.602 35.1712
-21.2072 35.7663
-20.8004 36.4594
-20.3807 37.2578
-19.9475 38.1689
-19.5 39.2
-19.5 39.2
-19.1831 40.2945
-18.8708 41.2592
-18.5628 42.0999
-18.2587 42.8223
-17.9581 43.4321
-17.6607 43.9349
-17.3662 44.3367
-17.0741 44.6429
-16.784 44.8595
-16.4958 44.992
-16.2089 45.0463
-15.923 45.028
-15.6377 44.9428
-15.3527 44.7965
-15.0677 44.5948
-14.7822 44.3435
-14.4959 44.0481
-14.2084 43.7145
-13.9194 43.3484
-13.6285 42.9555
-13.3353 42.5415
-13.0396 42.1121
-12.7408 41.6731
-12.4387 41.2301
-12.1329 40.789
-11.8231 40.3553
-11.5088 39.9349
-11.1897 39.5335
-10.8654 39.1567
-10.5356 38.8103
-10.2 38.5
-10.2 38.5
-10.0086 37.7313
-9.82249 37.1229
-9.64328 36.6664
-9.47253 36.3536
-9.31181 36.1762
-9.16269 36.1259
-9.02675 36.1944
-8.90554 36.3734
-8.80065 36.6546
-8.71364 37.0296
-8.64609 37.4903
-8.59957 38.0282
-8.57564 38.6352
-8.57589 39.3028
-8.60187 40.0229
-8.65516 40.7871
-8.73733 41.5871
-8.84995 42.4146
-8.9946 43.2613
-9.17284 44.1189
-9.38625 44.9791
-9.63639 45.8337
-9.92484 46.6743
-10.2532 47.4926
-10.6229 48.2803
-11.0357 49.0292
-11.4931 49.7309
-11.9967 50.3771
-12.548 50.9596
-13.1485 51.47
-13.8 51.9
