-30 30
-29.6649 30.6284
-29.3366 31.1636
-29.0143 31.613
-28.6974 31.9839
-28.385 32.2837
-28.0765 32.5198
-27.7711 32.6994
-27.4682 32.83
-27.167 32.9189
-26.8667 32.9734
-26.5666 33.0009
-26.2661 33.0087
-25.9644 33.0043
-25.6607 32.9948
-25.3544 32.9878
-25.0447 32.9905
-24.7309 33.0104
-24.4122 33.0546
-24.088 33.1307
-23.7575 33.2459
-23.42 33.4077
-23.0748 33.6233
-22.7211 33.9001
-22.3582 34.2454
-21.9854 34.6667
-21.602 35.1712
-21.2072 35.7663
-20.8004 36.4594
-20.3807 37.2578
-19.9475 38.1689
-19.5 39.2
-19.5 39.2
-19.1831 40.2945
-18.8708 41.2592
-18.5628 42.0999
-18.2587 42.8223
-17.9581 43.4321
-17.6607 43.9349
-17.3662 44.3367
-17.0741 44.6429
-16.784 44.8595
-16.4958 44.992
-16.2089 45.0463
-15.923 45.028
-15.6377 44.9428
-15.3527 44.7965
-15.0677 44.5948
-14.7822 44.3435
-14.4959 44.0481
-14.2084 43.7145
-13.9194 43.3484
-13.6285 42.9555
-13.3353 42.5415
-13.0396 42.1121
-12.7408 41.6731
-12.4387 41.2301
-12.1329 40.789
-11.8231 40.3553
-11.5088 39.9349
-11.1897 39.5335
-10.8654 39.1567
-10.5356 38.8103
-10.2 38.5
-10.2 38.5
-10.0392 37.7314
-9.94226 37.1234
-9.90702 36.6682
-9.93119 36.3579
-10.0125 36.1846
-10.1488 36.1404
-10.3376 36.2175
-10.5769 36.4078
-10.8643 36.7035
-11.1976 37.0968
-11.5745 37.5796
-11.9928 38.1442
-12.4502 38.7827
-12.9445 39.4871
-13.4733 40.2495
-14.0345 41.0621
-14.6258 41.9169
-15.2449 42.8061
-15.8896 43.7217
-16.5576 44.656
-17.2467 45.6008
-17.9546 46.5485
-18.6791 47.4911
-19.4178 48.4206
-20.1686 49.3293
-20.9292 50.2091
-21.6973 51.0523
-22.4707 51.8508
-23.2471 52.5969
-24.0243 53.2826
-24.8 53.9
