-30 30
-29.6649 30.6284
-29.3366 31.1636
-29.0143 31.613
-28.6974 31.9839
-28.385 32.2837
-28.0765 32.5198
-27.7711 32.6994
-27.4682 32.83
-27.167 32.9189
-26.8667 32.9734
-26.5666 33.0009
-26.2661 33.0087
-25.9644 33.0043
-25.6607 32.9948
-25.3544 32.9878
-25.0447 32.9905
-24.7309 33.0104
-24.4122 33.0546
-24.088 33.1307
-23.7575 33.2459
-23.42 33.4077
-23.0748 33.6233
-22.7211 33.9001
-22.3582 34.2454
-21.9854 34.6667
-21.602 35.1712
-21.2072 35.7663
-20.8004 36.4594
-20.3807 37.2578
-19.9475 38.1689
-19.5 39.2
-19.5 39.2
-19.1831 40.2945
-18.8708 41.2592
-18.5628 42.0999
-18.2587 42.8223
-17.9581 43.4321
-17.6607 43.9349
-17.3662 44.3367
-17.0741 44.6429
-16.784 44.8595
-16.4958 44.992
-16.2089 45.0463
-15.923 45.028
-15.6377 44.9428
-15.3527 44.7965
-15.0677 44.5948
-14.7822 44.3435
-14.4959 44.0481
-14.2084 43.7145
-13.9194 43.3484
-13.6285 42.9555
-13.3353 42.5415
-13.0396 42.1121
-12.7408 41.6731
-12.4387 41.2301
-12.1329 40.789
-11.8231 40.3553
-11.5088 39.9349
-11.1897 39.5335
-10.8654 39.1567
-10.5356 38.8103
-10.2 38.5
-10.2 38.5
-10.0086 37.7314
-9.82249 37.1234
-9.64328 36.6682
-9.47253 36.3579
-9.31181 36.1846
-9.16269 36.1404
-9.02675 36.2175
-8.90554 36.4078
-8.80065 36.7035
-8.71364 37.0968
-8.64609 37.5796
-8.59957 38.1442
-8.57564 38.7827
-8.57589 39.4871
-8.60187 40.2495
-8.65516 41.0621
-8.73733 41.9169
-8.84995 42.8061
-8.9946 43.7217
-9.17284 44.656
-9.38625 45.6008
-9.63639 46.5485
-9.92484 47.4911
-10.2532 48.4206
-10.6229 49.3293
-11.0357 50.2091
-11.4931 51.0523
-11.9967 51.8508
-12.548 52.5969
-13.1485 53.2826
-13.8 53.9
