-30 30
-29.6648 30.6288
-29.3357 31.1668
-29.0113 31.6239
-28.6903 32.0097
-28.3712 32.3341
-28.0526 32.6068
-27.7331 32.8376
-27.4115 33.0362
-27.0862 33.2125
-26.7559 33.3762
-26.4192 33.537
-26.0747 33.7048
-25.721 33.8892
-25.3568 34.1001
-24.9805 34.3473
-24.591 34.6404
-24.1866 34.9894
-23.7662 35.4038
-23.3282 35.8936
-22.8713 36.4684
-22.3942 37.1381
-21.8953 37.9123
-21.3733 38.801
-20.8269 39.8138
-20.2546 40.9605
-19.6551 42.2509
-19.0269 43.6948
-18.3687 45.3018
-17.6791 47.0819
-16.9566 49.0447
-16.2 51.2
-16.2 51.2
-15.9385 50.219
-15.6395 49.158
-15.3055 48.0237
-14.939 46.8229
-14.5425 45.5622
-14.1183 44.2485
-13.6691 42.8885
-13.1972 41.489
-12.7053 40.0566
-12.1956 38.5982
-11.6708 37.1204
-11.1332 35.6301
-10.5854 34.134
-10.0299 32.6388
-9.46911 31.1513
-8.9055 29.6782
-8.34157 28.2262
-7.7798 26.8022
-7.22266 25.4128
-6.67263 24.0649
-6.13218 22.7651
-5.6038 21.5202
-5.08996 20.337
-4.59314 19.2221
-4.11581 18.1824
-3.66046 17.2246
-3.22956 16.3554
-2.82558 15.5816
-2.45102 14.9099
-2.10833 14.3472
-1.8 13.9
