-30 30
-29.6648 30.6288
-29.3357 31.1668
-29.0113 31.6239
-28.6903 32.0097
-28.3712 32.3341
-28.0526 32.6068
-27.7331 32.8376
-27.4115 33.0362
-27.0862 33.2125
-26.7559 33.3762
-26.4192 33.537
-26.0747 33.7048
-25.721 33.8892
-25.3568 34.1001
-24.9805 34.3473
-24.591 34.6404
-24.1866 34.9894
-23.7662 35.4038
-23.3282 35.8936
-22.8713 36.4684
-22.3942 37.1381
-21.8953 37.9123
-21.3733 38.801
-20.8269 39.8138
-20.2546 40.9605
-19.6551 42.2509
-19.0269 43.6948
-18.3687 45.3018
-17.6791 47.0819
-16.9566 49.0447
-16.2 51.2
-19.5 51.2
-18.9459 50.2818
-18.4059 49.4029
-17.88 48.5608
-17.368 47.753
-16.8697 46.9769
-16.3849 46.2301
-15.9136 45.51
-15.4554 44.8141
-15.0104 44.1399
-14.5782 43.4849
-14.1588 42.8465
-13.752 42.2223
-13.3577 41.6097
-12.9755 41.0062
-12.6055 40.4093
-12.2474 39.8164
-11.9012 39.2251
-11.5665 38.6329
-11.2433 38.0371
-10.9314 37.4354
-10.6306 36.8251
-10.3408 36.2038
-10.0618 35.5689
-9.7935 34.918
-9.53566 34.2485
-9.28816 33.5579
-9.05083 32.8436
-8.82351 32.1032
-8.60604 31.3342
-8.39826 30.5339
-8.2 29.7
