-30 30
-29.6648 30.6288
-29.3357 31.1668
-29.0113 31.6239
-28.6903 32.0097
-28.3712 32.3341
-28.0526 32.6068
-27.7331 32.8376
-27.4115 33.0362
-27.0862 33.2125
-26.7559 33.3762
-26.4192 33.537
-26.0747 33.7048
-25.721 33.8892
-25.3568 34.1001
-24.9805 34.3473
-24.591 34.6404
-24.1866 34.9894
-23.7662 35.4038
-23.3282 35.8936
-22.8713 36.4684
-22.3942 37.1381
-21.8953 37.9123
-21.3733 38.801
-20.8269 39.8138
-20.2546 40.9605
-19.6551 42.2509
-19.0269 43.6948
-18.3687 45.3018
-17.6791 47.0819
-16.9566 49.0447
-16.2 51.2
-16.2 51.2
-15.6228 49.9841
-14.7912 48.7979
-14.0054 47.647
-16.1653 46.5369
-15.571 45.4729
-14.9226 44.4606
-14.3201 43.5054
-13.7636 42.6127
-13.2532 41.788
-12.7889 41.0368
-12.3708 40.3646
-11.999 39.7767
-11.6734 39.2787
-11.3942 38.8759
-11.1615 38.574
-10.9752 38.3783
-10.8354 38.2942
-10.7423 38.3273
-10.6958 38.4829
-10.6961 38.7666
-10.7431 39.1839
-10.837 39.7401
-10.9778 40.4407
-11.1655 41.2912
-11.4003 42.2971
-11.6822 43.4637
-12.0112 44.7966
-12.3874 46.3012
-12.8109 47.983
-13.2818 49.8475
-13.8 51.9
