-30 30
-29.6649 30.6284
-29.3366 31.1636
-29.0143 31.613
-28.6974 31.9839
-28.385 32.2837
-28.0765 32.5198
-27.7711 32.6994
-27.4682 32.83
-27.167 32.9189
-26.8667 32.9734
-26.5666 33.0009
-26.2661 33.0087
-25.9644 33.0043
-25.6607 32.9948
-25.3544 32.9878
-25.0447 32.9905
-24.7309 33.0104
-24.4122 33.0546
-24.088 33.1307
-23.7575 33.2459
-23.42 33.4077
-23.0748 33.6233
-22.7211 33.9001
-22.3582 34.2454
-21.9854 34.6667
-21.602 35.1712
-21.2072 35.7663
-20.8004 36.4594
-20.3807 37.2578
-19.9475 38.1689
-19.5 39.2
-19.5 39.2
-19.183 40.2942
-18.8703 41.2569
-18.561 42.092
-18.2544 42.8034
-17.9497 43.3951
-17.6462 43.8711
-17.3431 44.2353
-17.0397 44.4917
-16.7351 44.6441
-16.4286 44.6966
-16.1195 44.6531
-15.807 44.5175
-15.4902 44.2938
-15.1685 43.986
-14.8411 43.5979
-14.5072 43.1335
-14.166 42.5969
-13.8169 41.9918
-13.4589 41.3223
-13.0914 40.5924
-12.7136 39.8059
-12.3247 38.9668
-11.924 38.0791
-11.5107 37.1467
-11.084 36.1735
-10.6431 35.1635
-10.1874 34.1207
-9.71593 33.049
-9.22808 31.9524
-8.72302 30.8347
-8.2 29.7
