-30 30
-29.6648 30.6288
-29.3357 31.1668
-29.0113 31.6239
-28.6903 32.0097
-28.3712 32.3341
-28.0526 32.6068
-27.7331 32.8376
-27.4115 33.0362
-27.0862 33.2125
-26.7559 33.3762
-26.4192 33.537
-26.0747 33.7048
-25.721 33.8892
-25.3568 34.1001
-24.9805 34.3473
-24.591 34.6404
-24.1866 34.9894
-23.7662 35.4038
-23.3282 35.8936
-22.8713 36.4684
-22.3942 37.1381
-21.8953 37.9123
-21.3733 38.801
-20.8269 39.8138
-20.2546 40.9605
-19.6551 42.2509
-19.0269 43.6948
-18.3687 45.3018
-17.6791 47.0819
-16.9566 49.0447
-16.2 51.2
-19.5 51.2
-18.9358 50.3109
-18.3677 49.5187
-17.7988 48.8194
-17.2321 48.2096
-16.6706 47.6853
-16.1174 47.243
-15.5754 46.8788
-15.0477 46.589
-14.5373 46.37
-14.0472 46.2179
-13.5805 46.1291
-13.1401 46.0999
-12.7291 46.1264
-12.3505 46.205
-12.0074 46.332
-11.7026 46.5037
-11.4394 46.7162
-11.2206 46.9659
-11.0494 47.249
-10.9287 47.5619
-10.8615 47.9008
-10.8509 48.262
-10.9 48.6417
-11.0116 49.0362
-11.1888 49.4418
-11.4348 49.8548
-11.7524 50.2715
-12.1447 50.688
-12.6147 51.1008
-13.1655 51.506
-13.8 51.9
