-30 30
-29.6648 30.6288
-29.3357 31.1668
-29.0113 31.6239
-28.6903 32.0097
-28.3712 32.3341
-28.0526 32.6068
-27.7331 32.8376
-27.4115 33.0362
-27.0862 33.2125
-26.7559 33.3762
-26.4192 33.537
-26.0747 33.7048
-25.721 33.8892
-25.3568 34.1001
-24.9805 34.3473
-24.591 34.6404
-24.1866 34.9894
-23.7662 35.4038
-23.3282 35.8936
-22.8713 36.4684
-22.3942 37.1381
-21.8953 37.9123
-21.3733 38.801
-20.8269 39.8138
-20.2546 40.9605
-19.6551 42.2509
-19.0269 43.6948
-18.3687 45.3018
-17.6791 47.0819
-16.9566 49.0447
-16.2 51.2
-19.5 51.2
-18.9461 50.2825
-18.4074 49.4088
-17.8851 48.5809
-17.38 47.8007
-16.8932 47.07
-16.4255 46.391
-15.9781 45.7656
-15.5517 45.1956
-15.1474 44.6832
-14.7662 44.2301
-14.409 43.8384
-14.0769 43.51
-13.7706 43.2469
-13.4913 43.051
-13.2399 42.9243
-13.0174 42.8687
-12.8247 42.8863
-12.6628 42.9788
-12.5326 43.1484
-12.4352 43.3969
-12.3714 43.7263
-12.3424 44.1386
-12.3489 44.6357
-12.3921 45.2195
-12.4728 45.8921
-12.592 46.6553
-12.7508 47.5112
-12.95 48.4617
-13.1906 49.5086
-13.4736 50.6541
-13.8 51.9
