1  519  259
2  519  259
3  519  259
4  519  259
5  519  259
6  519  259
7  519  259
8  519  259
9  519  259
10  519  259
11  519  259
12  519  259
13  519  259
14  519  259
15  519  259
16  519  259
17  519  259
18  519  259
19  519  259
20   960  540
21   960  540
22   960  540
23   960  540
24   960  540
25   960  540
26   960  540
27   960  540
28   960  540
29   960  540
30   960  540
31   960  540
32   960  540
33   960  540
34   960  540
35   960  540
36   960  540
37   960  540
38   960  540
39   960  540
40   960  540
41   960  540
42   960  540
43   962  540
44   976  540
45   976  540
46   976  540
47   976  540
48   976  540
49   976  540
50   976  540
51   976  540
52   976  540
53   976  540
54   976  540
55   976  540
56   976  540
57   976  540
58   976  540
59   976  540
60   976  540
61   976  540
62   976  540
63   976  540
64   976  540
65   976  540
66   976  540
67   976  540
68   976  540
69   976  540
70   976  540
71   976  540
72   976  540
73   976  540
74   976  540
75   976  540
76   976  540
77   976  540
78   976  540
79   976  540
80   976  540
81   976  540
82   976  540
83   976  540
84   976  540
85   976  540
86   976  540
87   976  540
88   976  540
89   976  540
90   976  540
91   976  540
92   976  540
93   976  540
94   976  540
95   976  540
96   976  540
97   976  540
98   976  540
99   976  540
100   976  540
101   976  540
102   976  540
103   976  540
104   976  540
105   976  540
106   976  540
107   976  540
108   976  540
109   976  540
110   976  540
111   976  540
112   976  540
113   976  540
114   976  540
115   976  540
116   976  540
117   976  540
118   976  540
119   976  540
120   976  540
121   976  540
122   976  540
123   976  540
124   976  540
125   976  540
126   976  540
127   976  540
128   976  540
129   976  540
130   976  540
131   976  540
132   976  540
133   976  540
134   976  540
135   976  540
136   976  540
137   976  540
138   976  540
139   976  540
140   976  539
141   976  539
142   976  539
143   976  539
144   976  538
145   976  538
146   976  538
147   976  538
148   976  538
149   976  538
150   976  538
151   976  538
152   976  538
153   976  538
154   976  538
155   976  538
156   976  538
157   976  538
158   976  538
159   976  538
160   976  538
161   976  538
162   976  538
163   976  538
164   976  538
165   976  538
166   976  538
167   976  538
168   976  538
169   976  538
170   976  538
171   976  538
172   976  538
173   976  538